1.799990	4139.822067	2157.416793	1.799990	105.097933	29.395343
1.799991	3396.807067	1935.655674	1.799991	107.839600	27.563974
1.799992	3348.592600	1773.712356	1.799992	106.698400	24.201415
1.799993	3067.330333	1798.758670	1.799993	113.163400	28.612161
1.799994	3530.193467	2016.248746	1.799994	111.499200	33.161954
1.799995	3494.726467	2122.090844	1.799995	114.212000	27.498184
1.799996	3351.389400	1962.320196	1.799996	104.170867	25.573991
1.799997	3480.104867	1973.036408	1.799997	109.110667	28.062789
1.799998	3511.892133	1930.044672	1.799998	114.214467	31.784100
1.799999	3189.774133	1729.054444	1.799999	109.434667	22.625894
1.800000	3561.801867	1964.006505	1.800000	107.576000	27.800937
1.800001	23.555933	2.646747	1.800001	6314.574333	1292.137408
1.800002	23.548733	2.671658	1.800002	6294.624467	1307.123993
1.800002	23.553733	2.696179	1.800002	6279.048333	1325.752300
1.800003	23.510000	2.658853	1.800003	6285.822667	1322.373540
1.800004	23.565467	2.699675	1.800004	6273.076533	1331.648340
1.800005	23.500933	2.685591	1.800005	6279.408400	1323.286763
1.800006	23.558000	2.726042	1.800006	6293.197533	1308.388051
1.800007	23.563333	2.688492	1.800007	6283.927133	1315.312683
1.800008	23.554333	2.684048	1.800008	6296.047800	1307.028787
1.800009	23.531000	2.707786	1.800009	6274.998533	1324.715871
